{
 "cells": [
  {
   "cell_type": "code",
   "execution_count": 1,
   "metadata": {},
   "outputs": [
    {
     "name": "stderr",
     "output_type": "stream",
     "text": [
      "/usr/lib/python3.5/importlib/_bootstrap.py:222: RuntimeWarning: numpy.dtype size changed, may indicate binary incompatibility. Expected 96, got 88\n",
      "  return f(*args, **kwds)\n",
      "/usr/lib/python3.5/importlib/_bootstrap.py:222: RuntimeWarning: numpy.dtype size changed, may indicate binary incompatibility. Expected 96, got 88\n",
      "  return f(*args, **kwds)\n",
      "/usr/lib/python3.5/importlib/_bootstrap.py:222: RuntimeWarning: numpy.dtype size changed, may indicate binary incompatibility. Expected 96, got 88\n",
      "  return f(*args, **kwds)\n",
      "/usr/lib/python3.5/importlib/_bootstrap.py:222: RuntimeWarning: numpy.dtype size changed, may indicate binary incompatibility. Expected 96, got 88\n",
      "  return f(*args, **kwds)\n",
      "/usr/lib/python3.5/importlib/_bootstrap.py:222: RuntimeWarning: numpy.dtype size changed, may indicate binary incompatibility. Expected 96, got 88\n",
      "  return f(*args, **kwds)\n",
      "Using TensorFlow backend.\n",
      "/usr/lib/python3.5/importlib/_bootstrap.py:222: RuntimeWarning: numpy.dtype size changed, may indicate binary incompatibility. Expected 96, got 88\n",
      "  return f(*args, **kwds)\n"
     ]
    }
   ],
   "source": [
    "import pandas as pd\n",
    "from numpy.fft import fft, ifft,fftshift\n",
    "import numpy as np\n",
    "import math\n",
    "from scipy import stats\n",
    "import matplotlib.pyplot as plt\n",
    "from sklearn import linear_model\n",
    "import time\n",
    "import heapq\n",
    "#import PyQt5\n",
    "#import PySide2\n",
    "import scipy.stats as st\n",
    "from fancyimpute import SoftImpute"
   ]
  },
  {
   "cell_type": "code",
   "execution_count": null,
   "metadata": {},
   "outputs": [],
   "source": [
    "#%matplotlib qt5"
   ]
  },
  {
   "cell_type": "code",
   "execution_count": null,
   "metadata": {},
   "outputs": [],
   "source": [
    "data_range = ['00000','00300','00600','00900']\n",
    "data_range1 = [300 * i + 1200 for i in range(30)]\n",
    "data_range2 = ['0%d' %i for i in data_range1]\n",
    "data_range3 = [300 * i + 10200 for i in range(254)]\n",
    "data_range4 = ['%d' %i for i in data_range3]\n",
    "[data_range.append(data_range2[i]) for i in range(len(data_range2))]\n",
    "[data_range.append(data_range4[i]) for i in range(len(data_range4))]"
   ]
  },
  {
   "cell_type": "code",
   "execution_count": null,
   "metadata": {},
   "outputs": [],
   "source": [
    "root_range = ['001-002','001-003','001-004','001-005','001-006','001-007','001-008','001-009','001-010','001-011','001-012','001-013','001-014','001-015','001-016','002-003','002-004','002-005','002-006','002-007','002-008','002-009','002-010','002-011','002-012','002-013','002-014','002-015','002-016','003-004','003-005','003-006','003-007','003-008','003-009','003-010','003-011','003-012','003-013','003-014','003-015','003-016','004-005','004-006','004-007','004-008','004-009','004-010','004-011','004-012','004-013','004-014','004-015','004-016','005-006','005-007','005-008','005-009','005-010','005-011','005-012','005-013','005-014','005-015','005-016','006-007','006-008','006-009','006-010','006-011','006-012','006-013','006-014','006-015','006-016','007-008','007-009','007-010','007-011','007-012','007-013','007-014','007-015','007-016','008-009','008-010','008-011','008-012','008-013','008-014','008-015','008-016','009-010','009-011','009-012','009-013','009-014','009-015','009-016','010-011','010-012','010-013','010-014','010-015','010-016','011-012','011-013','011-014','011-015','011-016','012-013','012-014','012-015','012-016','013-014','013-015','013-016','014-015','014-016','015-016']"
   ]
  },
  {
   "cell_type": "code",
   "execution_count": null,
   "metadata": {},
   "outputs": [],
   "source": [
    "avg_data = []\n",
    "num = 0\n",
    "lag = []\n",
    "for station in root_range:\n",
    "    root_path = '/home/danye/1-5Hz/%s/%s_20151106' %(station,station)\n",
    "    data = []\n",
    "    for i in range(len(data_range)):\n",
    "        data0 = pd.read_table('%s%s_ZZ.txt' %(root_path,data_range[i]),header=None)\n",
    "        data.append(np.array([float(i.split()[1]) for i in data0[0][:]]))\n",
    "    avg_data.append(sum(data)/len(data))\n",
    "    #plt.plot(avg_data)\n",
    "    max_num_index_list = map(abs(np.array(avg_data[num])).tolist().index, heapq.nlargest(10, abs(np.array(avg_data[num][1500:2500]))))\n",
    "    lag.append(np.array([2000]*10) - np.array(list(max_num_index_list)))\n",
    "    num = num + 1\n"
   ]
  },
  {
   "cell_type": "code",
   "execution_count": null,
   "metadata": {},
   "outputs": [],
   "source": [
    "np.save(\"/home/danye/outcome/yellowstone_avgdata.npy\",avg_data)\n",
    "np.save(\"/home/danye/outcome/yellowstone_lagarray.npy\",lag)"
   ]
  },
  {
   "cell_type": "code",
   "execution_count": 2,
   "metadata": {},
   "outputs": [],
   "source": [
    "avg_data = np.load(\"/home/danye/outcome/yellowstone_avgdata.npy\")\n",
    "lag = np.load(\"/home/danye/outcome/yellowstone_lagarray.npy\")"
   ]
  },
  {
   "cell_type": "code",
   "execution_count": 3,
   "metadata": {},
   "outputs": [
    {
     "data": {
      "text/plain": [
       "120"
      ]
     },
     "execution_count": 3,
     "metadata": {},
     "output_type": "execute_result"
    }
   ],
   "source": [
    "len(avg_data)"
   ]
  },
  {
   "cell_type": "code",
   "execution_count": null,
   "metadata": {},
   "outputs": [],
   "source": [
    "plt.figure()\n",
    "i = 0\n",
    "plt.subplot(1,2,1)\n",
    "plt.plot([2000, 2000], [0, -48], c='g')\n",
    "for x in avg_data:\n",
    "    plt.plot(x + 0.8*i,c = 'b')\n",
    "    i = i - 1\n",
    "    if i == -61:\n",
    "        plt.subplot(1, 2, 2)\n",
    "        plt.plot([2000, 2000], [-48.8, -96], c='g')"
   ]
  },
  {
   "cell_type": "code",
   "execution_count": 4,
   "metadata": {},
   "outputs": [],
   "source": [
    "#plt.figure()\n",
    "RSS1 = []\n",
    "lag_angle1 = []\n",
    "for x in avg_data:\n",
    "    FFT = fft(x[1000:3001])\n",
    "    angle = np.angle(FFT)\n",
    "    angle_odd = [angle[2*i+1] for i in range(1000)]\n",
    "    #plt.plot(np.unwrap(angle_odd))\n",
    "    reg = linear_model.LinearRegression()\n",
    "    #new_angle = np.unwrap(angle_odd[955:985]).reshape(-1,1)\n",
    "    new_angle = np.unwrap(angle_odd[15:45])\n",
    "    reg.fit(np.array([i for i in range(30)]).reshape(-1,1),new_angle)\n",
    "    RSS1.append(sum([(new_angle[j] - reg.intercept_ - reg.coef_[0]*j)**2 for j in range(30)]))\n",
    "    lag_angle1.append(reg.coef_[0])\n",
    "\n",
    "lag_angle2 = []\n",
    "RSS2 = []\n",
    "for x in avg_data:\n",
    "    FFT = fft(x[1000:3001])\n",
    "    angle = np.angle(FFT)\n",
    "    angle_odd = [angle[2*i+1] for i in range(1000)]\n",
    "    #plt.plot(np.unwrap(angle_odd))\n",
    "    reg = linear_model.LinearRegression()\n",
    "    #new_angle = np.unwrap(angle_odd[955:985]).reshape(-1,1)\n",
    "    new_angle = np.unwrap(angle_odd[955:985])\n",
    "    reg.fit(np.array([i for i in range(30)]).reshape(-1,1),new_angle)\n",
    "    RSS2.append(sum([(new_angle[j] - reg.intercept_ - reg.coef_[0]*j)**2 for j in range(30)]))\n",
    "    lag_angle2.append(reg.coef_[0])"
   ]
  },
  {
   "cell_type": "code",
   "execution_count": 5,
   "metadata": {},
   "outputs": [],
   "source": [
    "sxx = sum((np.array([i for i in range(30)])-np.array([14.5]*30))**2)\n",
    "n = 30\n",
    "T = st.t.ppf(0.95,2*n-4)\n",
    "lag_angle2 = np.array(lag_angle2)\n",
    "lag_angle1 = np.array(lag_angle1)\n",
    "lag_angle = (lag_angle1 + lag_angle2)/2\n",
    "sigma1_2 = np.array(RSS1)/(n-2)\n",
    "sigma2_2 = np.array(RSS2)/(n-2)\n",
    "t = abs(lag_angle1-lag_angle2)/np.sqrt(sigma1_2 + sigma2_2)*np.sqrt(sxx)\n",
    "\n",
    "hypo_index = [t.tolist().index(t[t>T][i]) for i in range(len(t[t>T]))]"
   ]
  },
  {
   "cell_type": "code",
   "execution_count": 6,
   "metadata": {},
   "outputs": [
    {
     "name": "stdout",
     "output_type": "stream",
     "text": [
      "[-0.02919936 -0.10244218  0.12219883  0.14409473  0.31334536  0.05205048\n",
      "  0.22428689  0.06112463  0.2006901   0.1940994   0.13837197  0.14810758\n",
      "  0.10745358  0.06820125  0.04044241 -0.00080909  0.01679339  0.06268658\n",
      "  0.06775725 -0.65849109  0.22860329  0.04565462  0.19002084  0.16696254\n",
      "  0.17422141  0.21445682  0.16391746  0.13236617  0.14268362  0.02933545\n",
      "  0.04994557  0.06706872 -0.34329273  0.13436337  0.11244203  0.12196658\n",
      "  0.10572983  0.36563545  0.26589431  0.22697992  0.21341831  0.20177247\n",
      "  0.01442781  0.03404637 -0.4422201   0.10625418  0.04857186  0.10516821\n",
      "  0.084139    0.09268652  0.27086297  0.24229568  0.22897163  0.21593694\n",
      "  0.00959853 -0.01447531  0.05849501  0.06592366  0.06604111  0.04727638\n",
      " -0.05421485 -0.05794442 -0.08552834 -0.0984532  -0.11323824  0.1439035\n",
      "  0.04477266  0.04810396  0.05839492  0.04940455 -0.06093986 -0.0678215\n",
      " -0.0941639  -0.10491342 -0.1190626  -0.28844524 -0.03859023 -0.22336359\n",
      " -0.42916415 -0.09109242  0.14827827 -0.30582761  0.2033367  -0.12217699\n",
      "  0.00158618  0.0086351   0.01097116 -0.0999484  -0.11158517 -0.13176638\n",
      " -0.16085041 -0.19216912 -0.00341246  0.03678005 -0.09638554 -0.09871309\n",
      " -0.12353872 -0.28336878 -0.03361768  0.01269641 -0.09564146 -0.12115755\n",
      " -0.1437468  -0.16675741 -0.18163738 -0.06643677 -0.16077385 -0.13525299\n",
      " -0.15712854 -0.17014893 -0.00392831 -0.04908895 -0.10159141 -0.10473475\n",
      " -0.04102395 -0.0982744  -0.10144977 -0.01984417 -0.04884272 -0.00837504]\n",
      "25\n"
     ]
    },
    {
     "data": {
      "text/plain": [
       "array([-0.02919936, -0.10244218,  0.12219883,  0.14409473,  0.        ,\n",
       "        0.        ,  0.22428689,  0.        ,  0.2006901 ,  0.1940994 ,\n",
       "        0.13837197,  0.14810758,  0.10745358,  0.06820125,  0.04044241,\n",
       "       -0.00080909,  0.01679339,  0.06268658,  0.06775725, -0.65849109,\n",
       "        0.22860329,  0.        ,  0.19002084,  0.16696254,  0.17422141,\n",
       "        0.21445682,  0.16391746,  0.13236617,  0.14268362,  0.02933545,\n",
       "        0.04994557,  0.06706872,  0.        ,  0.13436337,  0.        ,\n",
       "        0.12196658,  0.10572983,  0.        ,  0.26589431,  0.22697992,\n",
       "        0.21341831,  0.20177247,  0.01442781,  0.03404637,  0.        ,\n",
       "        0.10625418,  0.        ,  0.10516821,  0.        ,  0.        ,\n",
       "        0.27086297,  0.24229568,  0.22897163,  0.21593694,  0.        ,\n",
       "        0.        ,  0.05849501,  0.06592366,  0.06604111,  0.04727638,\n",
       "       -0.05421485, -0.05794442, -0.08552834, -0.0984532 , -0.11323824,\n",
       "        0.        ,  0.04477266,  0.04810396,  0.05839492,  0.04940455,\n",
       "       -0.06093986, -0.0678215 , -0.0941639 , -0.10491342, -0.1190626 ,\n",
       "       -0.28844524,  0.        ,  0.        ,  0.        ,  0.        ,\n",
       "        0.        , -0.30582761,  0.        ,  0.        ,  0.00158618,\n",
       "        0.0086351 ,  0.        , -0.0999484 , -0.11158517, -0.13176638,\n",
       "       -0.16085041, -0.19216912, -0.00341246,  0.        , -0.09638554,\n",
       "       -0.09871309, -0.12353872,  0.        ,  0.        ,  0.01269641,\n",
       "       -0.09564146, -0.12115755, -0.1437468 , -0.16675741, -0.18163738,\n",
       "       -0.06643677, -0.16077385, -0.13525299, -0.15712854, -0.17014893,\n",
       "       -0.00392831, -0.04908895, -0.10159141, -0.10473475, -0.04102395,\n",
       "       -0.0982744 , -0.10144977, -0.01984417, -0.04884272, -0.00837504])"
      ]
     },
     "execution_count": 6,
     "metadata": {},
     "output_type": "execute_result"
    }
   ],
   "source": [
    "print(lag_angle)\n",
    "for i in hypo_index:\n",
    "    lag_angle[i] = 0\n",
    "print(len(hypo_index))\n",
    "lag_angle"
   ]
  },
  {
   "cell_type": "code",
   "execution_count": 7,
   "metadata": {},
   "outputs": [
    {
     "data": {
      "text/plain": [
       "array([[ 0.        , -0.02919936, -0.10244218,  0.12219883,  0.14409473,\n",
       "         0.        ,  0.        ,  0.22428689,  0.        ,  0.2006901 ,\n",
       "         0.1940994 ,  0.13837197,  0.14810758,  0.10745358,  0.06820125,\n",
       "         0.04044241],\n",
       "       [ 0.02919936,  0.        , -0.00080909,  0.01679339,  0.06268658,\n",
       "         0.06775725, -0.65849109,  0.22860329,  0.        ,  0.19002084,\n",
       "         0.16696254,  0.17422141,  0.21445682,  0.16391746,  0.13236617,\n",
       "         0.14268362],\n",
       "       [ 0.10244218,  0.00080909,  0.        ,  0.02933545,  0.04994557,\n",
       "         0.06706872,  0.        ,  0.13436337,  0.        ,  0.12196658,\n",
       "         0.10572983,  0.        ,  0.26589431,  0.22697992,  0.21341831,\n",
       "         0.20177247],\n",
       "       [-0.12219883, -0.01679339, -0.02933545,  0.        ,  0.01442781,\n",
       "         0.03404637,  0.        ,  0.10625418,  0.        ,  0.10516821,\n",
       "         0.        ,  0.        ,  0.27086297,  0.24229568,  0.22897163,\n",
       "         0.21593694],\n",
       "       [-0.14409473, -0.06268658, -0.04994557, -0.01442781,  0.        ,\n",
       "         0.        ,  0.        ,  0.05849501,  0.06592366,  0.06604111,\n",
       "         0.04727638, -0.05421485, -0.05794442, -0.08552834, -0.0984532 ,\n",
       "        -0.11323824],\n",
       "       [-0.        , -0.06775725, -0.06706872, -0.03404637, -0.        ,\n",
       "         0.        ,  0.        ,  0.04477266,  0.04810396,  0.05839492,\n",
       "         0.04940455, -0.06093986, -0.0678215 , -0.0941639 , -0.10491342,\n",
       "        -0.1190626 ],\n",
       "       [-0.        ,  0.65849109, -0.        , -0.        , -0.        ,\n",
       "        -0.        ,  0.        , -0.28844524,  0.        ,  0.        ,\n",
       "         0.        ,  0.        ,  0.        , -0.30582761,  0.        ,\n",
       "         0.        ],\n",
       "       [-0.22428689, -0.22860329, -0.13436337, -0.10625418, -0.05849501,\n",
       "        -0.04477266,  0.28844524,  0.        ,  0.00158618,  0.0086351 ,\n",
       "         0.        , -0.0999484 , -0.11158517, -0.13176638, -0.16085041,\n",
       "        -0.19216912],\n",
       "       [-0.        , -0.        , -0.        , -0.        , -0.06592366,\n",
       "        -0.04810396, -0.        , -0.00158618,  0.        , -0.00341246,\n",
       "         0.        , -0.09638554, -0.09871309, -0.12353872,  0.        ,\n",
       "         0.        ],\n",
       "       [-0.2006901 , -0.19002084, -0.12196658, -0.10516821, -0.06604111,\n",
       "        -0.05839492, -0.        , -0.0086351 ,  0.00341246,  0.        ,\n",
       "         0.01269641, -0.09564146, -0.12115755, -0.1437468 , -0.16675741,\n",
       "        -0.18163738],\n",
       "       [-0.1940994 , -0.16696254, -0.10572983, -0.        , -0.04727638,\n",
       "        -0.04940455, -0.        , -0.        , -0.        , -0.01269641,\n",
       "         0.        , -0.06643677, -0.16077385, -0.13525299, -0.15712854,\n",
       "        -0.17014893],\n",
       "       [-0.13837197, -0.17422141, -0.        , -0.        ,  0.05421485,\n",
       "         0.06093986, -0.        ,  0.0999484 ,  0.09638554,  0.09564146,\n",
       "         0.06643677,  0.        , -0.00392831, -0.04908895, -0.10159141,\n",
       "        -0.10473475],\n",
       "       [-0.14810758, -0.21445682, -0.26589431, -0.27086297,  0.05794442,\n",
       "         0.0678215 , -0.        ,  0.11158517,  0.09871309,  0.12115755,\n",
       "         0.16077385,  0.00392831,  0.        , -0.04102395, -0.0982744 ,\n",
       "        -0.10144977],\n",
       "       [-0.10745358, -0.16391746, -0.22697992, -0.24229568,  0.08552834,\n",
       "         0.0941639 ,  0.30582761,  0.13176638,  0.12353872,  0.1437468 ,\n",
       "         0.13525299,  0.04908895,  0.04102395,  0.        , -0.01984417,\n",
       "        -0.04884272],\n",
       "       [-0.06820125, -0.13236617, -0.21341831, -0.22897163,  0.0984532 ,\n",
       "         0.10491342, -0.        ,  0.16085041, -0.        ,  0.16675741,\n",
       "         0.15712854,  0.10159141,  0.0982744 ,  0.01984417,  0.        ,\n",
       "        -0.00837504],\n",
       "       [-0.04044241, -0.14268362, -0.20177247, -0.21593694,  0.11323824,\n",
       "         0.1190626 , -0.        ,  0.19216912, -0.        ,  0.18163738,\n",
       "         0.17014893,  0.10473475,  0.10144977,  0.04884272,  0.00837504,\n",
       "         0.        ]])"
      ]
     },
     "execution_count": 7,
     "metadata": {},
     "output_type": "execute_result"
    }
   ],
   "source": [
    "mat = np.zeros((16,16))\n",
    "\n",
    "for i in range(15):\n",
    "    for j in range(15-i):\n",
    "        if i < (j + i + 1) :\n",
    "            mat[i,j + i + 1] = lag_angle[int(j + i * (31 - i)/2)]\n",
    "            \n",
    "for i in range(16):\n",
    "    for j in range(16):\n",
    "        if i < j:\n",
    "            mat[j,i] = -mat[i,j]\n",
    "mat"
   ]
  },
  {
   "cell_type": "code",
   "execution_count": 17,
   "metadata": {},
   "outputs": [
    {
     "name": "stdout",
     "output_type": "stream",
     "text": [
      "50\n"
     ]
    }
   ],
   "source": [
    "X = np.array([[np.exp(mat[i][j]) for j in range(len(mat[i]))] for i in range(len(mat))])\n",
    "X_incomplete = X.copy()\n",
    "for i in range(16):\n",
    "    for j in range(16):\n",
    "        if X[i,j] == 1 and i != j:\n",
    "            X_incomplete[i,j] = np.nan\n",
    "k = np.sum(np.isnan(X_incomplete))\n",
    "missing_mask = np.isnan(X_incomplete)\n",
    "print(k)"
   ]
  },
  {
   "cell_type": "code",
   "execution_count": 185,
   "metadata": {},
   "outputs": [
    {
     "name": "stdout",
     "output_type": "stream",
     "text": [
      "[[1.         0.97122282 0.90263034 1.12997875 1.15499351 1.\n",
      "  1.25142999 1.         1.22224594 1.21421697 1.14840265 1.15963764\n",
      "  1.11343917 1.07058074 1.04127134]\n",
      " [1.02962984 1.         0.99919124 1.0169352  1.06469309 1.0701055\n",
      "  1.25684333 1.         1.2092748  1.18171    1.19031908 1.23918862\n",
      "  1.17811707 1.14152624 1.15336484]\n",
      " [1.10787324 1.00080941 1.         1.02976997 1.05121388 1.06936897\n",
      "  1.14380837 1.         1.12971634 1.11152154 1.         1.30459717\n",
      "  1.25480467 1.23790237 1.22356958]\n",
      " [0.8849724  0.98334683 0.97109066 1.         1.0145324  1.03463258\n",
      "  1.11210451 1.         1.11089745 1.         1.         1.3110954\n",
      "  1.27417089 1.25730637 1.24102412]\n",
      " [0.86580573 0.9392378  0.9512812  0.98567577 1.         1.\n",
      "  1.0602397  1.06814517 1.06827064 1.04841173 0.94722857 0.9437024\n",
      "  0.91802713 0.90623811 0.8929379 ]\n",
      " [1.         0.9344873  0.93513093 0.96652668 1.         1.\n",
      "  1.04579009 1.04927973 1.06013358 1.05064531 0.94087982 0.93442726\n",
      "  0.91013358 0.90040247 0.88775223]\n",
      " [0.79908585 0.79564411 0.87427232 0.89919606 0.94318295 0.95621484\n",
      "  1.         1.00158744 1.00867249 1.         0.90488411 0.89441521\n",
      "  0.87654575 0.85141942 0.82516731]\n",
      " [1.         1.         1.         1.         0.93620233 0.95303471\n",
      "  0.99841507 1.         0.99659336 1.         0.90811383 0.90600261\n",
      "  0.88378742 1.         1.        ]\n",
      " [0.81816594 0.8269419  0.88517795 0.9001731  0.93609238 0.94327735\n",
      "  0.99140207 1.00341829 1.         1.01277735 0.90878979 0.88589437\n",
      "  0.86610702 0.84640491 0.83390367]\n",
      " [0.82357603 0.84623131 0.89966768 1.         0.95382374 0.951796\n",
      "  1.         1.         0.98738385 1.         0.93572208 0.85148461\n",
      "  0.8734949  0.85459421 0.84353918]\n",
      " [0.87077473 0.84011087 1.         1.         1.0557114  1.06283499\n",
      "  1.10511389 1.10118353 1.10036447 1.06869338 1.         0.99607939\n",
      "  0.95209644 0.9033986  0.90056337]\n",
      " [0.86233834 0.80697965 0.76652013 0.762721   1.0596561  1.07017426\n",
      "  1.11804896 1.10374958 1.12880275 1.17441935 1.00393604 1.\n",
      "  0.95980614 0.90640016 0.90352656]\n",
      " [0.89811822 0.84881208 0.79693679 0.78482409 1.08929243 1.09873981\n",
      "  1.14084177 1.13149382 1.15459173 1.14482637 1.05031377 1.04187706\n",
      "  1.         0.98035143 0.9523309 ]\n",
      " [0.93407247 0.87602016 0.80781815 0.7953511  1.10346276 1.11061445\n",
      "  1.17450926 1.         1.18146762 1.17014601 1.1069311  1.10326547\n",
      "  1.02004237 1.         0.99165993]\n",
      " [0.96036447 0.86702833 0.81728086 0.80578611 1.11989871 1.12644043\n",
      "  1.21187545 1.         1.19917927 1.18548139 1.11041603 1.10677433\n",
      "  1.05005518 1.00841021 1.        ]]\n",
      "[SoftImpute] Max Singular Value of X_init = 15.191751\n",
      "[SoftImpute] Iter 1: observed MAE=0.004975 rank=12\n",
      "[SoftImpute] Iter 2: observed MAE=0.004945 rank=11\n",
      "[SoftImpute] Iter 3: observed MAE=0.004994 rank=11\n",
      "[SoftImpute] Iter 4: observed MAE=0.005089 rank=10\n",
      "[SoftImpute] Iter 5: observed MAE=0.005124 rank=10\n",
      "[SoftImpute] Iter 6: observed MAE=0.005155 rank=10\n",
      "[SoftImpute] Iter 7: observed MAE=0.005180 rank=10\n",
      "[SoftImpute] Iter 8: observed MAE=0.005217 rank=10\n",
      "[SoftImpute] Iter 9: observed MAE=0.005229 rank=9\n",
      "[SoftImpute] Iter 10: observed MAE=0.005221 rank=9\n",
      "[SoftImpute] Iter 11: observed MAE=0.005205 rank=9\n",
      "[SoftImpute] Iter 12: observed MAE=0.005187 rank=9\n",
      "[SoftImpute] Iter 13: observed MAE=0.005172 rank=9\n",
      "[SoftImpute] Iter 14: observed MAE=0.005159 rank=9\n",
      "[SoftImpute] Iter 15: observed MAE=0.005147 rank=9\n",
      "[SoftImpute] Iter 16: observed MAE=0.005138 rank=9\n",
      "[SoftImpute] Iter 17: observed MAE=0.005131 rank=9\n",
      "[SoftImpute] Iter 18: observed MAE=0.005130 rank=9\n",
      "[SoftImpute] Iter 19: observed MAE=0.005129 rank=9\n",
      "[SoftImpute] Iter 20: observed MAE=0.005129 rank=9\n",
      "[SoftImpute] Iter 21: observed MAE=0.005128 rank=9\n",
      "[SoftImpute] Iter 22: observed MAE=0.005127 rank=9\n",
      "[SoftImpute] Iter 23: observed MAE=0.005126 rank=9\n",
      "[SoftImpute] Iter 24: observed MAE=0.005125 rank=9\n",
      "[SoftImpute] Iter 25: observed MAE=0.005124 rank=9\n",
      "[SoftImpute] Iter 26: observed MAE=0.005123 rank=9\n",
      "[SoftImpute] Iter 27: observed MAE=0.005122 rank=9\n",
      "[SoftImpute] Iter 28: observed MAE=0.005121 rank=9\n",
      "[SoftImpute] Iter 29: observed MAE=0.005120 rank=9\n",
      "[SoftImpute] Iter 30: observed MAE=0.005118 rank=9\n",
      "[SoftImpute] Iter 31: observed MAE=0.005117 rank=9\n",
      "[SoftImpute] Iter 32: observed MAE=0.005116 rank=9\n",
      "[SoftImpute] Iter 33: observed MAE=0.005115 rank=9\n",
      "[SoftImpute] Stopped after iteration 33 for lambda=0.030000\n",
      "[[ 0.         -0.04647223 -0.1630418   0.19448547  0.22933388         nan\n",
      "   0.35696367         nan  0.31940821  0.3089188   0.22022583  0.23572053\n",
      "   0.17101768  0.10854566  0.0643661 ]\n",
      " [ 0.04647223  0.         -0.0012877   0.02672752  0.09976879  0.10783901\n",
      "   0.36383343         nan  0.30242756  0.26572914  0.27728198  0.34131864\n",
      "   0.26088274  0.21066731  0.22708804]\n",
      " [ 0.1630418   0.0012877   0.          0.04668881  0.07949085  0.10674319\n",
      "   0.21384594         nan  0.19411584  0.16827425         nan  0.42318394\n",
      "   0.36124976  0.33966579  0.32113086]\n",
      " [-0.19448547 -0.02672752 -0.04668881  0.          0.02296258  0.05418649\n",
      "   0.16910878         nan  0.1673804          nan         nan  0.43109181\n",
      "   0.38562555  0.36441966  0.34367431]\n",
      " [-0.22933388 -0.09976879 -0.07949085 -0.02296258  0.                 nan\n",
      "   0.0930977   0.10492076  0.1051077   0.07524269 -0.08628562 -0.09222141\n",
      "  -0.13612257 -0.15669313 -0.18022426]\n",
      " [        nan -0.10783901 -0.10674319 -0.05418649         nan  0.\n",
      "   0.07125791  0.07655982  0.0929384   0.07862979 -0.0969888  -0.10794127\n",
      "  -0.1498665  -0.1669749  -0.18949401]\n",
      " [-0.35696367 -0.36383343 -0.21384594 -0.16910878 -0.0930977  -0.07125791\n",
      "   0.          0.00252449  0.0137432          nan -0.15907282 -0.17759331\n",
      "  -0.20971271 -0.25600138 -0.30584665]\n",
      " [        nan         nan         nan         nan -0.10492076 -0.07655982\n",
      "  -0.00252449  0.         -0.00543109         nan -0.15340235 -0.15710677\n",
      "  -0.19661798         nan         nan]\n",
      " [-0.31940821 -0.30242756 -0.19411584 -0.1673804  -0.1051077  -0.0929384\n",
      "  -0.0137432   0.00543109  0.          0.02020696 -0.15221812 -0.19282824\n",
      "  -0.22878014 -0.26540266 -0.28908487]\n",
      " [-0.3089188  -0.26572914 -0.16827425         nan -0.07524269 -0.07862979\n",
      "          nan         nan -0.02020696  0.         -0.1057374  -0.25587954\n",
      "  -0.21526182 -0.25007783 -0.27080043]\n",
      " [-0.22022583 -0.27728198         nan         nan  0.08628562  0.0969888\n",
      "   0.15907282  0.15340235  0.15221812  0.1057374   0.         -0.0062521\n",
      "  -0.07812748 -0.16168775 -0.16669053]\n",
      " [-0.23572053 -0.34131864 -0.42318394 -0.43109181  0.09222141  0.10794127\n",
      "   0.17759331  0.15710677  0.19282824  0.25587954  0.0062521   0.\n",
      "  -0.06529165 -0.15640856 -0.16146233]\n",
      " [-0.17101768 -0.26088274 -0.36124976 -0.38562555  0.13612257  0.1498665\n",
      "   0.20971271  0.19661798  0.22878014  0.21526182  0.07812748  0.06529165\n",
      "   0.         -0.03158297 -0.0777356 ]\n",
      " [-0.10854566 -0.21066731 -0.33966579 -0.36441966  0.15669313  0.1669749\n",
      "   0.25600138         nan  0.26540266  0.25007783  0.16168775  0.15640856\n",
      "   0.03158297  0.         -0.01332929]\n",
      " [-0.0643661  -0.22708804 -0.32113086 -0.34367431  0.18022426  0.18949401\n",
      "   0.30584665         nan  0.28908487  0.27080043  0.16669053  0.16146233\n",
      "   0.0777356   0.01332929  0.        ]]\n",
      "[[ 0.         -0.04647223 -0.1630418   0.19448547  0.22933388  0.20230009\n",
      "   0.35696367  0.27779363  0.31940821  0.3089188   0.22022583  0.23572053\n",
      "   0.17101768  0.10854566  0.0643661 ]\n",
      " [ 0.04647223  0.         -0.0012877   0.02672752  0.09976879  0.10783901\n",
      "   0.36383343  0.22490396  0.30242756  0.26572914  0.27728198  0.34131864\n",
      "   0.26088274  0.21066731  0.22708804]\n",
      " [ 0.1630418   0.0012877   0.          0.04668881  0.07949085  0.10674319\n",
      "   0.21384594  0.17036973  0.19411584  0.16827425  0.21750469  0.42318394\n",
      "   0.36124976  0.33966579  0.32113086]\n",
      " [-0.19448547 -0.02672752 -0.04668881  0.          0.02296258  0.05418649\n",
      "   0.16910878  0.11312011  0.1673804   0.14733997  0.13630576  0.43109181\n",
      "   0.38562555  0.36441966  0.34367431]\n",
      " [-0.22933388 -0.09976879 -0.07949085 -0.02296258  0.          0.00896956\n",
      "   0.0930977   0.10492076  0.1051077   0.07524269 -0.08628562 -0.09222141\n",
      "  -0.13612257 -0.15669313 -0.18022426]\n",
      " [-0.26625278 -0.10783901 -0.10674319 -0.05418649 -0.02030856  0.\n",
      "   0.07125791  0.07655982  0.0929384   0.07862979 -0.0969888  -0.10794127\n",
      "  -0.1498665  -0.1669749  -0.18949401]\n",
      " [-0.35696367 -0.36383343 -0.21384594 -0.16910878 -0.0930977  -0.07125791\n",
      "   0.          0.00252449  0.0137432  -0.00754    -0.15907282 -0.17759331\n",
      "  -0.20971271 -0.25600138 -0.30584665]\n",
      " [-0.35977705 -0.36280347 -0.35535685 -0.32348523 -0.10492076 -0.07655982\n",
      "  -0.00252449  0.         -0.00543109 -0.01481734 -0.15340235 -0.15710677\n",
      "  -0.19661798 -0.25073715 -0.27551693]\n",
      " [-0.31940821 -0.30242756 -0.19411584 -0.1673804  -0.1051077  -0.0929384\n",
      "  -0.0137432   0.00543109  0.          0.02020696 -0.15221812 -0.19282824\n",
      "  -0.22878014 -0.26540266 -0.28908487]\n",
      " [-0.3089188  -0.26572914 -0.16827425 -0.22248371 -0.07524269 -0.07862979\n",
      "  -0.00802838  0.00345411 -0.02020696  0.         -0.1057374  -0.25587954\n",
      "  -0.21526182 -0.25007783 -0.27080043]\n",
      " [-0.22022583 -0.27728198 -0.3142753  -0.26211525  0.08628562  0.0969888\n",
      "   0.15907282  0.15340235  0.15221812  0.1057374   0.         -0.0062521\n",
      "  -0.07812748 -0.16168775 -0.16669053]\n",
      " [-0.23572053 -0.34131864 -0.42318394 -0.43109181  0.09222141  0.10794127\n",
      "   0.17759331  0.15710677  0.19282824  0.25587954  0.0062521   0.\n",
      "  -0.06529165 -0.15640856 -0.16146233]\n",
      " [-0.17101768 -0.26088274 -0.36124976 -0.38562555  0.13612257  0.1498665\n",
      "   0.20971271  0.19661798  0.22878014  0.21526182  0.07812748  0.06529165\n",
      "   0.         -0.03158297 -0.0777356 ]\n",
      " [-0.10854566 -0.21066731 -0.33966579 -0.36441966  0.15669313  0.1669749\n",
      "   0.25600138  0.20938281  0.26540266  0.25007783  0.16168775  0.15640856\n",
      "   0.03158297  0.         -0.01332929]\n",
      " [-0.0643661  -0.22708804 -0.32113086 -0.34367431  0.18022426  0.18949401\n",
      "   0.30584665  0.23507152  0.28908487  0.27080043  0.16669053  0.16146233\n",
      "   0.0777356   0.01332929  0.        ]]\n",
      "[[ 0.          0.          0.          0.          0.          0.20230009\n",
      "   0.          0.27779363  0.          0.          0.          0.\n",
      "   0.          0.          0.        ]\n",
      " [ 0.          0.          0.          0.          0.          0.\n",
      "   0.          0.22490396  0.          0.          0.          0.\n",
      "   0.          0.          0.        ]\n",
      " [ 0.          0.          0.          0.          0.          0.\n",
      "   0.          0.17036973  0.          0.          0.21750469  0.\n",
      "   0.          0.          0.        ]\n",
      " [ 0.          0.          0.          0.          0.          0.\n",
      "   0.          0.11312011  0.          0.14733997  0.13630576  0.\n",
      "   0.          0.          0.        ]\n",
      " [ 0.          0.          0.          0.          0.          0.00896956\n",
      "   0.          0.          0.          0.          0.          0.\n",
      "   0.          0.          0.        ]\n",
      " [-0.26625278  0.          0.          0.         -0.02030856  0.\n",
      "   0.          0.          0.          0.          0.          0.\n",
      "   0.          0.          0.        ]\n",
      " [ 0.          0.          0.          0.          0.          0.\n",
      "   0.          0.          0.         -0.00754     0.          0.\n",
      "   0.          0.          0.        ]\n",
      " [-0.35977705 -0.36280347 -0.35535685 -0.32348523  0.          0.\n",
      "   0.          0.          0.         -0.01481734  0.          0.\n",
      "   0.         -0.25073715 -0.27551693]\n",
      " [ 0.          0.          0.          0.          0.          0.\n",
      "   0.          0.          0.          0.          0.          0.\n",
      "   0.          0.          0.        ]\n",
      " [ 0.          0.          0.         -0.22248371  0.          0.\n",
      "  -0.00802838  0.00345411  0.          0.          0.          0.\n",
      "   0.          0.          0.        ]\n",
      " [ 0.          0.         -0.3142753  -0.26211525  0.          0.\n",
      "   0.          0.          0.          0.          0.          0.\n",
      "   0.          0.          0.        ]\n",
      " [ 0.          0.          0.          0.          0.          0.\n",
      "   0.          0.          0.          0.          0.          0.\n",
      "   0.          0.          0.        ]\n",
      " [ 0.          0.          0.          0.          0.          0.\n",
      "   0.          0.          0.          0.          0.          0.\n",
      "   0.          0.          0.        ]\n",
      " [ 0.          0.          0.          0.          0.          0.\n",
      "   0.          0.20938281  0.          0.          0.          0.\n",
      "   0.          0.          0.        ]\n",
      " [ 0.          0.          0.          0.          0.          0.\n",
      "   0.          0.23507152  0.          0.          0.          0.\n",
      "   0.          0.          0.        ]]\n",
      "[[0.         0.         0.         0.         0.         0.23427643\n",
      "  0.         0.31878534 0.         0.         0.         0.\n",
      "  0.         0.         0.        ]\n",
      " [0.         0.         0.         0.         0.         0.\n",
      "  0.         0.29385372 0.         0.         0.         0.\n",
      "  0.         0.         0.        ]\n",
      " [0.         0.         0.         0.         0.         0.\n",
      "  0.         0.26286329 0.         0.         0.26588999 0.\n",
      "  0.         0.         0.        ]\n",
      " [0.         0.         0.         0.         0.         0.\n",
      "  0.         0.21830267 0.         0.18491184 0.19921051 0.\n",
      "  0.         0.         0.        ]\n",
      " [0.         0.         0.         0.         0.         0.01463906\n",
      "  0.         0.         0.         0.         0.         0.\n",
      "  0.         0.         0.        ]\n",
      " [0.23427643 0.         0.         0.         0.01463906 0.\n",
      "  0.         0.         0.         0.         0.         0.\n",
      "  0.         0.         0.        ]\n",
      " [0.         0.         0.         0.         0.         0.\n",
      "  0.         0.         0.         0.00778419 0.         0.\n",
      "  0.         0.         0.        ]\n",
      " [0.31878534 0.29385372 0.26286329 0.21830267 0.         0.\n",
      "  0.         0.         0.         0.00913572 0.         0.\n",
      "  0.         0.23005998 0.25529422]\n",
      " [0.         0.         0.         0.         0.         0.\n",
      "  0.         0.         0.         0.         0.         0.\n",
      "  0.         0.         0.        ]\n",
      " [0.         0.         0.         0.18491184 0.         0.\n",
      "  0.00778419 0.00913572 0.         0.         0.         0.\n",
      "  0.         0.         0.        ]\n",
      " [0.         0.         0.26588999 0.19921051 0.         0.\n",
      "  0.         0.         0.         0.         0.         0.\n",
      "  0.         0.         0.        ]\n",
      " [0.         0.         0.         0.         0.         0.\n",
      "  0.         0.         0.         0.         0.         0.\n",
      "  0.         0.         0.        ]\n",
      " [0.         0.         0.         0.         0.         0.\n",
      "  0.         0.         0.         0.         0.         0.\n",
      "  0.         0.         0.        ]\n",
      " [0.         0.         0.         0.         0.         0.\n",
      "  0.         0.23005998 0.         0.         0.         0.\n",
      "  0.         0.         0.        ]\n",
      " [0.         0.         0.         0.         0.         0.\n",
      "  0.         0.25529422 0.         0.         0.         0.\n",
      "  0.         0.         0.        ]]\n"
     ]
    }
   ],
   "source": [
    "#print(X_incomplete)\n",
    "X_incomplete1 = np.delete(X_incomplete,6,axis=1)\n",
    "#print(X_incomplete1)\n",
    "X_incomplete2 = np.delete(X_incomplete1,6,axis=0)\n",
    "#print(X_incomplete2)\n",
    "X1 = np.delete(X,6,axis = 1)\n",
    "X2 = np.delete(X1,6,axis = 0)\n",
    "print(X2)\n",
    "missing_mask1 = np.delete(missing_mask,6,axis = 1)\n",
    "missing_mask2 = np.delete(missing_mask1,6,axis = 0)\n",
    "softimpute = SoftImpute(init_fill_method = 'mean',verbose=True,shrinkage_value=0.03,convergence_threshold=0.001)\n",
    "X_filled = softimpute.complete(X_incomplete2)\n",
    "print(np.log(X_incomplete2)*5/np.pi)\n",
    "print(np.log(X_filled)*5/np.pi)\n",
    "print(np.log(X_filled)*5/np.pi-np.log(X2)*5/np.pi)\n",
    "X_filled1 = np.log(X_filled)*5/np.pi\n",
    "newfilled = abs(X_filled1-np.log(X2)*5/np.pi)\n",
    "newfilled1 = newfilled/2 + np.transpose(newfilled/2)\n",
    "print(newfilled1)"
   ]
  },
  {
   "cell_type": "code",
   "execution_count": 188,
   "metadata": {},
   "outputs": [
    {
     "name": "stdout",
     "output_type": "stream",
     "text": [
      "[0.23427643 0.31878534 0.29385372 0.26286329 0.26588999 0.21830267\n",
      " 0.18491184 0.19921051 0.01463906 0.23427643 0.01463906 0.00778419\n",
      " 0.31878534 0.29385372 0.26286329 0.21830267 0.00913572 0.23005998\n",
      " 0.25529422 0.18491184 0.00778419 0.00913572 0.26588999 0.19921051\n",
      " 0.23005998 0.25529422]\n",
      "[[ 0.         -0.04647223 -0.1630418   0.19448547  0.22933388  0.23427643\n",
      "   0.35696367  0.31878534  0.31940821  0.3089188   0.22022583  0.23572053\n",
      "   0.17101768  0.10854566  0.0643661 ]\n",
      " [ 0.04647223  0.         -0.0012877   0.02672752  0.09976879  0.10783901\n",
      "   0.36383343  0.29385372  0.30242756  0.26572914  0.27728198  0.34131864\n",
      "   0.26088274  0.21066731  0.22708804]\n",
      " [ 0.1630418   0.0012877   0.          0.04668881  0.07949085  0.10674319\n",
      "   0.21384594  0.26286329  0.19411584  0.16827425  0.26588999  0.42318394\n",
      "   0.36124976  0.33966579  0.32113086]\n",
      " [-0.19448547 -0.02672752 -0.04668881  0.          0.02296258  0.05418649\n",
      "   0.16910878  0.21830267  0.1673804   0.18491184  0.19921051  0.43109181\n",
      "   0.38562555  0.36441966  0.34367431]\n",
      " [-0.22933388 -0.09976879 -0.07949085 -0.02296258  0.          0.01463906\n",
      "   0.0930977   0.10492076  0.1051077   0.07524269 -0.08628562 -0.09222141\n",
      "  -0.13612257 -0.15669313 -0.18022426]\n",
      " [-0.23427643 -0.10783901 -0.10674319 -0.05418649 -0.01463906  0.\n",
      "   0.07125791  0.07655982  0.0929384   0.07862979 -0.0969888  -0.10794127\n",
      "  -0.1498665  -0.1669749  -0.18949401]\n",
      " [-0.35696367 -0.36383343 -0.21384594 -0.16910878 -0.0930977  -0.07125791\n",
      "   0.          0.00252449  0.0137432   0.00778419 -0.15907282 -0.17759331\n",
      "  -0.20971271 -0.25600138 -0.30584665]\n",
      " [-0.31878534 -0.29385372 -0.26286329 -0.21830267 -0.10492076 -0.07655982\n",
      "  -0.00252449  0.         -0.00543109 -0.00913572 -0.15340235 -0.15710677\n",
      "  -0.19661798 -0.23005998 -0.25529422]\n",
      " [-0.31940821 -0.30242756 -0.19411584 -0.1673804  -0.1051077  -0.0929384\n",
      "  -0.0137432   0.00543109  0.          0.02020696 -0.15221812 -0.19282824\n",
      "  -0.22878014 -0.26540266 -0.28908487]\n",
      " [-0.3089188  -0.26572914 -0.16827425 -0.18491184 -0.07524269 -0.07862979\n",
      "  -0.00778419  0.00913572 -0.02020696  0.         -0.1057374  -0.25587954\n",
      "  -0.21526182 -0.25007783 -0.27080043]\n",
      " [-0.22022583 -0.27728198 -0.26588999 -0.19921051  0.08628562  0.0969888\n",
      "   0.15907282  0.15340235  0.15221812  0.1057374   0.         -0.0062521\n",
      "  -0.07812748 -0.16168775 -0.16669053]\n",
